
strategic_region={
	id=234
	name="STRATEGICREGION_234"
	provinces={
		13367 13368 13369 13371 13371 13385 13386 13387 13388 13389 13389 13390 13390 13391 13391 13392 13392 13393 13393 13394 13394 13395 13395 13396 13396 13397 13397 13403 13403 13404 13404 13405 13405 13697 13698 13699 13700 13701 13704 13705 13706 13711 13712 13713 13714 13715 13718 13719 13720 13722 13723 13724 13726 13727 13728 13730 13732 13733 13736 13737 13738 13741 13744 13745 13747 13748 13749 13750 13753 13756 13758 13759 13760 13762 13764 13765 13772 13776 13813 13814 13816 13817 13818 13819 13820 13824 13825 13827 13829 13830 13831 13832 13833 13835 13836 13838 13839 13840 13841 13844 13845 13846 13847 13850 13852 13853 13855 13856 13858 13859 13861 13864 13865 13866 13867 13868 13869 13870 13871 13872 13873 13876 13877 13879 13880 13881 13883 13885 13887 13888 13889 13890 13891 13894 13896 13897 13898 13899 
	}
	weather={
	}
}
