
strategic_region={
	id=236
	name="STRATEGICREGION_236"
	provinces={
		13344 13347 13413 13413 13414 13415 13415 13416 13417 13417 13418 13419 13420 13421 13422 13423 13424 13425 13425 13426 13426 13427 13427 13428 13428 13429 13429 13430 13430 13431 13431 13432 13432 13433 13433 13434 13434 13435 13435 13436 13436 13436 13437 13437 13437 13438 13438 13439 13439 13440 13440 13441 13441 13442 13442 13443 13444 13444 13444 13445 13446 13446 13447 13447 13448 13449 13449 13450 13450 13450 13450 13451 13452 13452 13452 13452 13453 13454 13455 13455 13455 13455 13456 13456 13456 13456 13457 13457 13457 13458 13459 13460 13461 13462 13463 13464 13464 13465 13465 13466 13466 13467 13467 13469 13470 13471 13472 13473 13474 13475 13476 13476 13477 13478 13479 13480 13481 13482 13483 13484 13485 13486 13487 13488 13489 13489 13489 13490 13490 13490 13491 13491 13491 13492 13493 13494 13494 13494 13495 13495 13495 13496 13497 13497 13497 13498 13498 13498 13499 13500 13501 13501 13502 13502 13503 13503 13504 13504 13505 13505 13506 13507 13508 13509 13510 13511 13512 13513 13514 13515 13516 13517 13518 13519 13520 13521 13522 13523 13524 13525 13526 13527 13528 13529 13530 13531 13532 13533 13534 13535 13536 13537 13538 13539 13540 13541 13542 13543 13544 13544 13545 13545 13546 13546 13547 13548 13549 13550 13551 13552 13553 13554 13555 13556 13557 13558 13559 13560 13561 13562 13563 13564 13565 13566 13567 13568 13569 13570 13571 13572 13573 13574 13575 13576 13577 13578 
	}
	weather={
	}
}
