
strategic_region={
	id=237
	name="STRATEGICREGION_237"
	provinces={
		13348 13349 13350 13362 13363 13364 13365 13378 13379 13383 13900 13901 13902 13903 13904 13905 13906 13907 13908 13909 13910 13911 13912 13913 13914 13915 13916 13917 13918 13919 13920 13921 13922 13923 13924 13925 13926 13927 13928 13929 13930 13931 13932 13933 13934 13935 13936 13937 13938 13939 13940 13941 13942 13943 13944 13945 13946 13947 13948 13949 13950 13951 13952 13953 13954 13955 13956 13957 13958 13959 13960 13961 13962 13963 13964 13965 13966 13967 13968 13969 13970 13971 13972 13974 13975 13976 13977 13978 13979 13980 13981 13982 13983 13984 13985 13986 13989 13990 13991 13992 13993 13994 13995 13997 13998 14040 14041 14042 14043 14044 14045 14046 14047 14048 14049 14050 14051 14052 14053 14054 14055 14056 14057 14058 14059 14060 14061 14062 14063 14064 14065 14066 14067 14068 14069 14070 14071 14072 14073 14074 14075 14076 14077 14078 14079 14080 14081 14082 14083 14084 14085 14086 14087 14088 14089 14090 14091 14092 14093 14094 14096 14097 14099 14100 14101 14102 14103 14107 14108 14115 14116 
	}
	weather={
	}
}
