
strategic_region={
	id=239
	name="STRATEGICREGION_239"
	provinces={
		13346 13366 13376 13377 13380 13381 13382 13383 13384 13398 13399 13400 13401 13402 13406 13407 13408 13409 13410 13644 13707 13708 13709 13710 13716 13717 13721 13725 13729 13731 13734 13735 13739 13740 13742 13743 13746 13751 13752 13754 13755 13757 13761 13763 13766 13767 13768 13769 13770 13771 13773 13774 13775 13777 13778 13779 13780 13781 13782 13783 13784 13785 13786 13787 13788 13789 13790 13791 13792 13793 13794 13795 13796 13797 13798 13799 13800 13801 13802 13803 13804 13805 13806 13807 13808 13809 13810 13811 13812 14095 14098 14104 14105 14106 14108 14109 14110 14111 14112 14113 14114 14115 14116 14117 14118 14119 14120 14121 14122 14123 14124 14125 14126 14127 14128 14129 14130 14131 14132 14133 14134 14135 14136 14137 14138 14139 14140 14141 14142 14143 14144 14145 
	}
	weather={
	}
}
