
strategic_region={
	id=240
	name="STRATEGICREGION_240"
	provinces={
		13344 13347 13414 13416 13418 13419 13420 13421 13422 13423 13424 13579 13580 13581 13582 13583 13584 13585 13586 13587 13589 13591 13593 13595 13596 13601 13605 13606 13614 13645 13646 13647 13648 13649 13650 13651 13652 13653 13654 13655 13656 13657 13658 13659 13660 13661 13662 13663 13664 13665 13666 13667 13668 13669 13670 13671 13672 13673 13674 13675 13676 13677 13678 13679 13680 13681 13682 13683 13684 13685 13686 13687 13688 13689 13690 13691 13692 13693 13694 13695 13696 
	}
	weather={
	}
}
