
strategic_region={
	id=342
	name="STRATEGICREGION_342"
	provinces={
		20887 20891 20892 20897 20902 20903 20905 20906 20907 20908 20910 20911 20913 20919 20921 20922 20923 20926 20927 20928 20929 20930 20931 20932 20934 20935 20936 20940 20941 20943 20948 20951 20952 20953 20955 20958 20959 20962 20963 20964 20965 20966 20969 20970 20971 20972 20975 20976 20978 20979 20980 20983 20984 20985 20986 20987 20994 20997 21001 21002 21003 21004 21005 21006 21007 21010 21015 21016 21017 21024 21025 21026 21027 21028 21031 21032 21034 21035 21036 21037 21038 21042 21043 21044 21046 21051 21052 21055 21056 21057 21058 21059 21060 21062 21066 21067 21068 21070 21071 21072 21078 21079 21084 21085 21086 21087 21092 21093 21094 21096 21097 21101 21102 21104 21107 21108 21111 21117 21120 21126 21128 21131 21139 21140 21142 21145 21148 21152 21158 21160 21165 21168 21171 21175 21179 21180 21183 21191 
	}
	weather={
	}
}
