
strategic_region={
	id=343
	name="STRATEGICREGION_343"
	provinces={
		21229 21238 21240 21248 21249 21257 21260 21261 21266 21267 21268 21270 21273 21275 21276 21277 21280 21284 21285 21286 21287 21288 21289 21290 21291 21292 21293 21294 21299 21301 21302 21304 21305 21308 21309 21310 21311 21312 21313 21314 21315 21316 21317 21318 21320 21321 21322 21323 21324 21325 21329 21331 21332 21333 21334 21335 21336 21339 21340 21341 21343 21344 21345 21347 21348 21349 21351 21352 21353 21354 21355 21356 21358 21359 21361 21362 21364 21365 21367 21368 21369 21370 21371 21372 21374 21377 21378 21380 21381 21382 21383 21384 21385 21387 21388 21389 21392 21393 21394 21395 21396 21399 21400 21401 21403 21404 21405 21406 21408 21410 21411 21412 21414 21415 21416 21418 21419 21420 21422 21427 21428 21437 21438 21442 21443 21446 21457 
	}
	weather={
	}
}
