
strategic_region={
	id=344
	name="STRATEGICREGION_344"
	provinces={
		20729 20730 20732 20733 20735 20737 20738 20741 20742 20746 20747 20748 20749 20753 20755 20757 20759 20760 20761 20767 20768 20769 20771 20772 20773 20774 20776 20777 20781 20782 20785 20786 20789 20790 20791 20795 20796 20797 20798 20799 20801 20802 20805 20806 20810 20811 20814 20815 20820 20821 20822 20824 20825 20826 20830 20833 20834 20836 20841 20842 20843 20844 20846 20847 20850 20851 20854 20855 20856 20857 20860 20862 20863 20864 20866 20867 20868 20869 20871 20875 20876 20877 20878 20881 20882 20888 20893 20894 20895 20898 20899 20901 20904 20912 20914 20915 20920 20924 20937 20938 20942 20945 20949 20950 20956 20957 20960 20967 20973 20974 20977 20981 20982 20990 20995 20998 21008 21011 21012 21013 21018 21019 21020 21029 21033 21039 21045 21048 21053 21064 21069 21088 
	}
	weather={
	}
}
